
    F1-macro: 0.20815929811738307
                  precision    recall  f1-score   support

       Anger     0.3846    0.0820    0.1351       122
Anticipation     0.3684    0.1556    0.2188        45
     Disgust     0.4570    0.4539    0.4554       152
        Fear     0.0000    0.0000    0.0000         2
         Joy     0.2069    0.0612    0.0945        98
        Love     0.6667    0.0148    0.0290       135
     Neutral     0.2115    0.2619    0.2340        42
     Sadness     0.2727    0.0227    0.0420       132
    Surprise     0.3019    0.1798    0.2254        89
       Trust     0.8608    0.5188    0.6474       584

   micro avg     0.6135    0.3048    0.4072      1401
   macro avg     0.3731    0.1751    0.2082      1401
weighted avg     0.5836    0.3048    0.3728      1401
 samples avg     0.4130    0.3395    0.3600      1401

    