
    F1-macro: 0.2554090682092881
                  precision    recall  f1-score   support

       Anger     0.4706    0.1429    0.2192        56
Anticipation     0.3636    0.1882    0.2481        85
     Disgust     0.4141    0.3212    0.3618       165
        Fear     0.0000    0.0000    0.0000        13
         Joy     0.5000    0.1800    0.2647       100
        Love     0.7500    0.0583    0.1081       103
     Neutral     0.5620    0.3238    0.4109       210
     Sadness     0.3478    0.0842    0.1356        95
    Surprise     0.3692    0.2353    0.2874       102
       Trust     0.5826    0.4669    0.5184       272

   micro avg     0.4970    0.2731    0.3525      1201
   macro avg     0.4360    0.2001    0.2554      1201
weighted avg     0.4996    0.2731    0.3332      1201
 samples avg     0.3110    0.2817    0.2883      1201

    